4625 4177 4436
2896 4883 4306
3720 2063 3976
5341 6236 7432
5337 6365 7132
3720 3144 3855
2067 7515 6297
7304 7129 2064
6939 6362 7374
2060 3080 3855
2068 7448 7325
2069 6747 6478
2060 3531 3467
3149 2059 2060
3150 3341 3724
3528 3855 2064
5396 4887 5265
4556 3720 3592
3855 2064 5396
4887 5265 4556
3720 3149 2063
3976 5654 5783
4368 5392 6096
4497 3720 3072
0 0 0
0 0 0
0 0 0
0 0 0
0 0 0
0 0 0
0 0 0
0 0 0
0 0 0
0 0 0
0 0 0
0 0 0
0 0 0
0 0 0
0 0 0
0 0 0
0 0 0
0 0 0
0 0 0
0 0 0
0 0 0
0 0 0
0 0 0
0 0 0
0 0 0
0 0 0
0 0 0
0 0 0
0 0 0
0 0 0
0 0 0
0 0 0
0 0 0
0 0 0
0 0 0
0 0 0
0 0 0
0 0 0
0 0 0
0 0 0
0 0 0
0 0 0
0 0 0
0 0 0
0 0 0
0 0 0
0 0 0
0 0 0
0 0 0
0 0 0
0 0 0
0 0 0
0 0 0
0 0 0
0 0 0
0 0 0
0 0 0
0 0 0
0 0 0
0 0 0
4625 4177 4436
2896 4883 4306
3720 2063 3976
5341 6236 7432
5337 6365 7132
3720 3144 3855
2067 7515 6297
7304 7129 2064
6939 6362 7374
2060 2063 3976
4184 7450 7577
2068 6491 7387
7324 3720 4947
4174 3341 3156
2075 7067 7752
3855 2068 7448
7325 2069 6747
6478 2060 3531
3467 3149 2059
2060 3150 3341
3725 3528 3855
2064 5396 4887
5265 4556 3720
3592 3855 2064
5396 4887 5265
4556 3720 3149
2063 3976 5654
5783 4368 5392
6096 4497 3720
3072 0 0
0 0 0
0 0 0
0 0 0
0 0 0
0 0 0
0 0 0
0 0 0
0 0 0
0 0 0
0 0 0
0 0 0
0 0 0
0 0 0
0 0 0
0 0 0
0 0 0
0 0 0
0 0 0
0 0 0
0 0 0
0 0 0
0 0 0
0 0 0
0 0 0
0 0 0
0 0 0
0 0 0
0 0 0
0 0 0
0 0 0
0 0 0
0 0 0
0 0 0
0 0 0
0 0 0
0 0 0
0 0 0
0 0 0
0 0 0
0 0 0
0 0 0
0 0 0
0 0 0
0 0 0
0 0 0
0 0 0
0 0 0
0 0 0
0 0 0
0 0 0
0 0 0
0 0 0
0 0 0
0 0 0
4039 97 140
4064 100 141
4080 110 138
4058 112 132
4075 106 127
4059 100 135
4069 90 139
4068 98 128
4062 110 136
4066 96 146
4065 106 131
4064 96 138
4068 96 125
4070 92 140
4072 100 143
4070 106 139
4063 92 133
4062 82 135
4071 90 130
4064 80 127
4064 108 139
4050 97 129
4052 102 124
4058 96 141
4060 96 130
4071 96 134
4072 93 138
4060 96 127
4066 104 129
4057 106 134
4060 108 140
4062 110 125
4064 101 132
4064 90 122
4071 89 128
4065 100 125
4070 110 136
4056 92 119
4066 83 137
4062 88 136
4067 102 131
4066 96 140
4063 112 147
4056 93 138
4077 88 134
4070 100 140
4064 99 132
4062 104 136
4071 94 137
4060 92 132
4069 90 127
4068 100 137
4066 97 140
4061 93 129
4072 102 135
4066 96 137
4060 112 138
4062 100 136
4070 110 140
4060 104 143
4068 94 132
4064 110 149
4072 102 136
4052 110 133
4046 102 143
4062 94 131
4067 98 144
4074 112 147
4060 96 141
4064 89 128
4058 100 122
4077 96 123
4064 94 133
4073 90 138
4061 96 135
4062 87 141
4062 114 129
4070 104 139
4060 108 133
4052 102 144
4066 98 143
4066 98 130
4070 100 130
4050 104 120
4080 83 108
4046 90 110
4060 92 115
4066 72 106
4075 89 108
4056 75 104
4066 80 104
4069 78 94
4071 100 100
4070 88 104
4059 94 90
4054 84 98
4049 79 110
4050 98 107
4066 86 112
4068 87 98
4062 82 88
4062 85 112
4066 87 98
4048 81 90
4066 86 102
4084 82 90
4060 83 98
4070 77 88
4068 87 102
4070 81 125
4060 74 112
4066 87 106
4068 81 122
4062 81 120
4056 74 110
4071 80 116
4052 76 96
4066 76 106
4054 77 108
4067 91 90
4062 90 92
4080 83 116
4055 81 88
4072 85 112
4073 82 116
4068 80 110
4049 87 110
4076 97 96
4064 85 89
4061 85 102
4060 76 104
4054 90 90
4048 90 100
4067 96 112
4058 85 116
4066 77 114
4064 78 94
4060 72 100
4066 87 108
4072 83 94
4068 70 120
4072 74 114
4054 79 104
4061 87 104
4060 83 110
4062 85 129
4066 77 102
4069 83 94
4078 79 112
4062 98 110
4070 82 102
4067 96 104
4062 100 114
4064 81 114
4074 82 94
4070 82 96
4072 85 98
4064 86 116
4079 77 108
4052 82 93
4062 80 93
4060 78 112
4060 87 85
4068 85 100
4060 80 102
4066 83 80
4068 84 102
4064 83 110
4046 84 112
4066 80 104
4050 85 118
4039 81 98
4066 92 112
4073 84 102
4073 91 98
4062 85 112
4070 83 94
4069 85 98
4069 79 102
4058 77 100
4062 85 112
4058 84 110
4070 85 88
4068 86 104
4062 86 110
4058 87 98
4068 81 98
4062 79 118
4064 78 96
4069 83 94
4062 76 104
4056 84 108
4070 98 102
4049 85 102
4067 85 98
4062 85 90
4072 92 96
4073 82 110
4062 91 106
4056 81 113
4070 86 96
4067 92 108
4064 89 110
4064 82 120
4064 83 98
4072 73 87
4059 80 94
4072 71 108
4064 84 110
4058 83 100
4063 71 88
4076 79 108
4068 79 90
4066 83 94
4062 80 105
4066 81 125
4065 86 98
4066 94 104
4064 79 110
4068 81 108
4082 79 110
4055 81 110
4066 89 108
4063 92 96
4064 78 108
4068 87 106
4080 84 108
4075 76 110
4067 78 106
4058 85 120
4064 84 104
4061 84 104
4044 78 106
4064 88 90
4076 78 94
4074 81 104
4069 90 104
4068 90 98
4062 81 102
4064 90 112
4056 89 102
4066 81 108
4061 81 104
4076 82 116
4064 84 114
4068 93 92
4072 76 89
4054 93 104
4070 85 90
4062 94 86
4066 85 107
4067 76 104
4073 77 105
4056 77 110
4062 87 106
4077 86 122
4069 83 96
4068 71 102
4066 86 90
4077 74 106
4072 86 98
4060 81 120
4080 85 114
4060 89 96
4064 93 92
4062 87 106
4064 98 112
4068 78 106
4050 81 104
4062 82 106
4058 88 96
4077 77 98
4072 86 114
4053 82 106
4072 88 96
4052 83 108
4071 87 96
4060 79 112
4072 75 100
4060 92 118
4077 86 100
4079 80 106
4064 83 112
4056 82 93
4070 79 98
4077 85 122
4060 88 88
4077 90 123
4068 83 96
4058 77 108
4068 90 102
4064 82 90
4075 90 104
4058 84 106
4091 88 112
4056 90 112
4065 83 114
4058 98 102
4074 80 108
4062 81 98
4075 76 104
4082 84 116
4070 77 110
4062 90 112
4068 86 94
4050 83 88
4064 69 94
4062 90 110
4072 84 102
4059 75 102
4062 76 104
4074 77 108
4056 87 108
4058 70 108
4070 91 116
4045 83 121
4069 81 108
4066 81 112
4058 83 106
4064 80 92
4069 91 98
4068 88 94
4068 69 110
4067 72 102
4072 88 115
4058 85 104
4046 83 100
4077 74 112
4060 77 102
4060 98 98
4066 73 110
4076 80 104
4071 80 116
4060 80 106
4066 77 110
4066 82 102
4070 83 129
4068 91 98
4062 89 90
4066 87 118
4054 87 110
4068 81 112
4068 78 104
4069 74 114
4074 81 110
4066 95 94
4072 86 92
4060 85 106
4069 96 112
4070 81 106
4077 89 98
4070 78 92
4064 79 106
4075 76 94
4050 82 106
4068 85 93
4064 98 106
4077 83 108
4076 84 106
4058 92 98
4076 84 108
4068 80 108
4073 86 110
4067 80 116
4066 80 114
4080 85 110
4048 80 106
4064 87 112
4054 86 96
4075 91 102
4062 80 110
4068 84 106
4054 88 88
4064 87 98
4064 89 106
4069 89 104
4062 88 112
4069 86 122
4072 78 121
4066 84 104
4068 81 108
4064 74 104
4062 88 102
4064 90 104
4062 75 110
4058 86 114
4064 87 94
4068 73 102
4059 90 114
4050 96 116
4073 82 114
4060 81 112
4055 89 102
4061 80 108
4072 82 116
4069 83 104
4070 85 90
4066 93 109
4062 84 114
4075 87 120
4046 91 104
4071 81 106
4068 76 97
4062 84 110
4072 88 110
4067 85 117
4060 86 100
4062 85 87
4070 94 102
4066 76 114
4056 83 112
4066 96 108
4074 100 80
4049 89 106
4067 83 112
4067 86 102
4069 83 100
4056 84 102
4056 86 100
4066 80 100
4075 87 106
4058 83 112
4060 83 100
4064 87 100
4060 73 114
4070 83 102
4064 86 108
4064 81 106
4063 85 102
4062 89 110
4073 79 113
4070 84 90
4073 90 96
4066 85 92
4054 71 112
4066 90 120
4076 87 114
4062 92 114
4047 87 110
4070 96 91
4070 100 96
4072 80 108
4064 75 88
4069 84 110
4066 83 94
4062 63 102
4069 80 89
4073 82 98
4068 85 112
4052 88 100
4064 70 108
4069 87 106
4063 89 120
4076 88 114
4062 78 104
4046 85 110
4060 84 98
4064 94 108
4082 81 110
4065 80 102
4078 76 108
4067 86 104
4058 85 106
4068 89 98
4064 81 102
4060 93 92
4067 82 116
4063 85 106
4064 82 104
4059 73 96
4064 83 106
4064 80 106
4070 88 106
4073 87 102
4064 82 114
4052 90 108
4068 83 106
4069 73 106
4068 90 110
4056 89 88
4061 81 102
4077 81 96
4048 85 100
4074 73 120
4058 84 110
4070 83 100
4058 80 118
4064 78 94
4064 83 96
4074 85 96
4062 75 110
4066 70 98
4062 86 118
4063 88 100
4073 83 96
4080 95 100
4062 85 116
4071 85 108
4070 94 98
4067 76 114
4056 82 116
4077 81 114
4078 89 90
4061 86 104
4074 69 86
4058 92 100
4071 80 88
4062 88 98
4060 85 102
4052 97 112
4072 90 112
4070 74 112
4060 85 108
4070 83 104
4066 82 108
4078 88 94
4062 86 82
4064 89 106
4066 72 90
4059 84 97
4068 88 108
4064 77 104
4070 83 110
4071 84 106
4062 82 108
4072 77 106
4058 86 104
4060 80 110
4066 88 100
4062 78 104
4067 78 106
4066 94 98
4062 82 110
4070 73 104
4074 83 104
4071 89 98
4058 81 102
4079 75 117
4068 88 104
4070 81 92
4065 81 100
4072 88 86
4070 77 110
4050 79 94
4067 96 100
4054 85 92
4079 80 102
4064 83 112
4064 76 114
4070 89 104
4054 79 99
4071 81 115
4062 89 110
4058 92 114
4068 94 102
4070 87 86
4060 88 110
4073 83 118
4056 83 96
4070 82 96
4070 102 110
4064 87 116
4054 98 98
4066 80 85
4075 84 88
4071 81 92
4072 100 96
4068 92 89
4064 80 110
4062 82 108
4073 87 94
4063 82 86
4064 82 110
4081 85 100
4060 80 112
4066 89 100
4062 84 112
4074 85 100
4066 94 106
4072 81 101
4066 73 86
4076 83 102
4068 87 114
4054 77 104
4059 87 94
4060 88 98
4062 73 92
4075 88 84
4069 73 104
4065 90 106
4073 81 106
4054 84 100
4066 80 98
4058 82 106
4073 81 116
4077 77 90
4070 91 120
4070 84 85
4063 96 112
4071 93 110
4069 78 92
4066 78 96
4072 89 94
4062 97 98
4060 76 104
4056 86 102
4073 88 98
4054 84 112
4060 93 108
4079 81 110
4066 83 108
4066 87 106
4067 90 106
4064 80 86
4058 92 94
4070 85 94
4062 89 110
4066 82 90
4060 75 90
4068 78 104
4072 75 114
4071 81 85
4056 69 124
4085 75 102
4071 88 108
4056 81 100
4065 81 109
4082 87 102
4058 89 116
4064 72 96
4090 94 116
4076 76 106
4069 82 98
4071 79 102
4074 99 98
4062 84 96
4072 81 94
4040 81 119
4052 82 104
4068 75 102
4070 80 108
4077 90 102
4070 81 103
4078 80 112
4076 92 89
4064 84 114
4066 78 108
4070 80 104
4061 84 102
4050 77 100
4073 62 117
4074 92 125
4069 82 84
4070 90 102
4046 91 90
4056 77 88
4064 77 102
4071 89 112
4056 89 102
4052 90 112
4079 79 104
4064 76 106
4073 89 106
4075 82 100
4056 89 94
4052 72 94
4072 86 104
4069 80 96
4048 76 106
4062 80 108
4063 78 91
4071 81 104
4073 76 90
4067 84 94
4075 77 116
4073 90 96
4060 77 106
4072 85 103
4065 92 112
4066 98 118
4070 74 104
4076 83 100
4067 84 118
4064 85 114
4062 88 107
4075 80 110
4066 80 92
4066 77 98
4068 85 100
4064 81 104
4064 85 108
4064 92 96
4062 85 98
4082 88 106
4052 90 110
4076 88 92
4064 82 102
4058 89 99
4064 87 94
4062 82 100
4064 78 112
4064 82 108
4068 84 104
4062 77 116
4044 86 98
4067 93 108
4072 72 96
4074 80 96
4062 87 104
4064 88 86
4067 75 110
4052 87 104
4062 98 114
4073 79 102
4047 79 110
4064 80 100
4079 73 108
4062 85 91
4057 75 116
4072 77 98
4060 79 110
4069 89 108
4067 85 98
4079 95 106
4052 98 116
4052 83 102
4046 82 110
4076 86 110
4060 83 94
4068 88 108
4053 80 104
4070 78 108
4066 80 112
4056 85 106
4072 81 100
4070 84 94
4077 81 100
4064 83 86
4062 81 94
4066 84 86
4056 84 117
4050 83 112
4058 83 106
4064 79 112
4066 86 106
4070 72 98
4073 84 112
4060 83 110
4062 83 108
4063 83 102
4062 87 122
4050 87 100
4068 78 102
4056 87 94
4062 88 112
4069 80 106
